0.40381493506493504
0.5787337662337663
0.11068435754189944
0.44886363636363635
0.010146103896103896
0.10893854748603352
0.551948051948052
0.5742694805194806
0.40381493506493504
0.8689123376623377
0.7536525974025974
0.40381493506493504
0.40381493506493504
0.5787337662337663
0.8624188311688312
0.773538961038961
0.8624188311688312
0.8636363636363636
0.5539772727272727
0.8636363636363636
0.8624188311688312
0.856737012987013
0.8624188311688312
0.8579545454545454
0.8563311688311688
0.008116883116883116
0.856737012987013
0.859172077922078
0.8636363636363636
0.8636363636363636
0.859172077922078
0.019886363636363636
0.859172077922078
0.859172077922078
0.8579545454545454
0.8624188311688312
0.8579545454545454
0.8652597402597403
0.8628246753246753
0.8559253246753247
0.5746753246753247
0.768262987012987
0.8571428571428571
0.8603896103896104
0.8632305194805194
0.8628246753246753
0.8632305194805194
0.8603896103896104
